  64.172 19425.602    1.808    2.449   36.437   99.419    8.622
  73.620 18603.803    1.833    2.424   37.096   97.217    5.795
  83.068 17891.463    2.144    2.603   39.477   76.177    3.055
  92.516 17260.920    2.696    2.839   43.520    6.555    2.383
 101.964 16693.074    3.307    3.109   46.768  330.015    4.948
 111.413 16173.648    3.844    3.164   50.542  320.364    8.434
 120.861 15692.497    4.316    3.023   54.992  316.359   11.330
 130.309 15242.959    4.777    2.786   59.749  313.891   13.706
 139.757 14819.979    5.261    2.473   64.824  312.055   15.647
 149.206 14419.637    5.752    2.163   69.392  310.524   17.223
 158.654 14039.013    6.221    1.866   73.303  307.622   17.379
 168.102 13675.882    6.534    1.743   75.064  304.800   17.135
 177.551 13328.330    6.818    1.668   76.253  302.059   16.647
 186.999 12994.737    7.080    1.630   77.035  299.250   15.955
 196.449 12673.731    7.320    1.632   77.431  296.266   15.090
 205.899 12364.125    7.537    1.674   77.478  294.299   13.711
 215.347 12064.933    7.823    1.705   77.705  292.769   12.315
 224.800 11775.360    8.151    1.712   78.138  290.853   11.184
 234.250 11494.721    8.495    1.705   78.651  288.569   10.284
 243.702 11222.398    8.855    1.685   79.226  285.959    9.620
 253.154 10957.859    9.233    1.648   79.880  283.006    9.606
 262.609 10700.673    9.625    1.541   80.904  280.266   10.555
 272.064 10450.444   10.026    1.369   82.225  278.139   11.633
 281.520 10206.791   10.442    1.188   83.509  276.517   12.837
 290.979 9969.363   10.872    0.998   84.755  275.308   14.149
 300.438 9737.850   11.318    0.799   85.962  274.385   15.550
 309.898 9511.995   11.792    0.614   87.019  273.431   16.875
 319.361 9291.510   12.301    0.491   87.714  272.661   17.987
 328.825 9076.102   12.806    0.391   88.251  272.007   18.905
 338.290 8865.524   13.308    0.315   88.644  271.438   19.641
 347.758 8659.555   13.806    0.263   88.909  270.927   20.221
 357.222 8457.942   14.302    0.240   89.039  270.515   20.153
 366.695 8260.453   14.773    0.268   88.961  270.116   19.761
 376.165 8066.915   15.198    0.311   88.828  269.690   19.231
 385.639 7877.180   15.576    0.372   88.632  269.226   18.584
 395.119 7691.106   15.905    0.451   88.376  268.717   17.822
 404.597 7508.590   16.177    0.545   88.070  268.068   17.000
 414.079 7329.568   16.296    0.625   87.804  267.270   16.248
 423.570 7153.950   16.333    0.705   87.528  266.414   15.572
 433.056 6981.611   16.308    0.793   87.216  265.517   14.968
 442.546 6812.433   16.216    0.890   86.859  264.574   14.426
 452.042 6646.293   16.053    0.997   86.446  263.597   13.989
 461.541 6483.045   15.813    1.132   85.905  262.697   13.814
 471.039 6322.554   15.542    1.285   85.274  261.948   13.729
 480.548 6164.716   15.258    1.438   84.616  261.353   13.709
 490.044 6009.442   14.960    1.592   83.926  260.916   13.750
 499.556 5856.644   14.648    1.747   83.199  260.621   13.850
 509.062 5706.252   14.360    1.897   82.475  260.720   13.927
 518.581 5558.207   14.162    2.022   81.874  260.987   14.024
 528.093 5412.438   13.990    2.123   81.371  261.371   14.150
 537.609 5268.877   13.851    2.197   80.987  261.874   14.306
 547.130 5127.458   13.745    2.246   80.720  262.475   14.485
 556.652 4988.121   13.665    2.257   80.621  263.199   14.752
 566.172 4850.807   13.578    2.171   80.916  263.926   15.044
 575.694 4715.453   13.553    2.061   81.353  264.616   15.326
 585.224 4581.998   13.594    1.923   81.948  265.274   15.595
 594.743 4450.384   13.702    1.756   82.697  265.905   15.853
 604.274 4320.559   13.902    1.560   83.597  266.446   16.084
 613.800 4192.462   14.361    1.364   84.574  266.859   16.240
 623.328 4066.037   14.922    1.170   85.517  267.216   16.327
 632.855 3941.229   15.542    0.974   86.414  267.528   16.348
 642.387 3817.985   16.230    0.774   87.270  267.804   16.308
 651.915 3696.249   16.990    0.573   88.068  268.070   16.186
 661.437 3575.962   17.818    0.399   88.717  268.376   15.911
 670.978 3457.065   18.582    0.251   89.226  268.632   15.580
 680.504 3339.516   19.231    0.104   89.690  268.828   15.201
 690.059 3223.271   19.761   -0.040  -89.884  268.961   14.775
 699.587 3108.289   20.152   -0.181  -89.485  269.039   14.304
 709.134 2994.536   20.218   -0.327  -89.073  268.909   13.809
 718.674 2881.979   19.635   -0.493  -88.562  268.644   13.312
 728.222 2770.590   18.893   -0.662  -87.993  268.251   12.812
 737.776 2660.343   17.968   -0.835  -87.339  267.714   12.311
 747.330 2551.209   16.845   -1.010  -86.569  267.019   11.808
 756.892 2443.169   15.504   -1.189  -85.615  265.962   11.346
 766.445 2336.205   14.088   -1.309  -84.692  264.755   10.918
 775.993 2230.297   12.754   -1.457  -83.483  263.509   10.509
 785.570 2125.427   11.516   -1.647  -81.861  262.225   10.119
 795.136 2021.577   10.386   -1.881  -79.734  260.904    9.748
 804.691 1918.728    9.360   -2.162  -76.994  259.880    9.379
 814.259 1816.865    9.249   -2.645  -74.041  259.226    9.014
 823.830 1715.970    9.749   -3.275  -71.431  258.651    8.664
 833.393 1616.025   10.451   -3.981  -69.147  258.138    8.329
 842.968 1517.015   11.355   -4.766  -67.231  257.705    8.007
 852.531 1418.926   12.496   -5.642  -65.701  257.478    7.721
 862.100 1321.748   13.532   -6.678  -63.734  257.431    7.500
 871.678 1225.463   13.921   -7.796  -60.750  257.035    7.265
 881.242 1130.049   14.108   -8.836  -57.941  256.253    7.019
 890.827 1035.484   14.070   -9.779  -55.200  255.064    6.762
 900.379  941.742   13.765  -10.609  -52.378  253.303    6.495
 909.979  848.790   13.092  -11.191  -49.476  249.392    6.145
 919.569  756.591   11.618  -10.481  -47.945  244.824    5.813
 929.171  665.118    9.877   -9.502  -46.109  239.749    5.530
 938.769  574.343    7.819   -8.199  -43.641  234.992    5.269
 948.392  484.244    5.380   -6.495  -39.636  230.542    4.979
 958.027  394.821    2.473   -4.286  -29.985  226.768    4.539
 967.649  306.052   -0.272   -2.367    6.555  223.520    3.915
 977.271  217.888   -2.967   -0.730   76.178  219.477    3.372
 986.932  130.301   -5.749    0.728  -82.783  217.096    3.039
 996.610   43.326   -8.506    1.411  -80.581  216.437    3.044
